[?1034h11458500073142461852512836718403514710 11458500073142461852512836718403514711
3187793133764126630012112493446934643110 3187793133764126630012112493446934643111
41579401268121198749220796887033346345510 41579401268121198749220796887033346345511
25535656878510947884218726327567312941635030 25535656878510947884218726327567312941635031
232698582838557947667041660742961348519229110 232698582838557947667041660742961348519229111
311642595829915802448133058385903203286793030 311642595829915802448133058385903203286793031
3233950105573303317889321124038633316366070310 3233950105573303317889321124038633316366070311
4473912987403058190959789731735078837424881030 4473912987403058190959789731735078837424881031
5542048702320090829406658632193434279999282710 5542048702320090829406658632193434279999282711
15771480376980270884079210166398586266801167110 15771480376980270884079210166398586266801167111
18388118151069863755522738169410382309633934310 18388118151069863755522738169410382309633934311
39589619133887559847191580960567054385392212310 39589619133887559847191580960567054385392212311
43302833198468180384082496008507531123022358710 43302833198468180384082496008507531123022358711
47729301036119376824317440207299416761515041030 47729301036119376824317440207299416761515041031
110051813370916411584841167415336533127774291030 110051813370916411584841167415336533127774291031
177561956785815018149935855412093504515834133110 177561956785815018149935855412093504515834133111
307138058499826104948035673109672762386396927910 307138058499826104948035673109672762386396927911
397127821710503660887146917594318783609280599110 397127821710503660887146917594318783609280599111
954234672305500838369656783856224981653724727110 954234672305500838369656783856224981653724727111
1267271700473732460949464864514502406693465992710 1267271700473732460949464864514502406693465992711
1552510352312745393415657733435734075314509011030 1552510352312745393415657733435734075314509011031
1713552658800697445192913847148074432926472208710 1713552658800697445192913847148074432926472208711
2286680209416598338524939675980204673403829381030 2286680209416598338524939675980204673403829381031
2311402128583864244486026419375499548686211194710 2311402128583864244486026419375499548686211194711
2591428531416905738515492606142461367505221613910 2591428531416905738515492606142461367505221613911
3444634316451727857225174787344594577625033305030 3444634316451727857225174787344594577625033305031
18202965284805728460593785742082573628341440961910 18202965284805728460593785742082573628341440961911
30290213230267313552997078703200862043933031024310 30290213230267313552997078703200862043933031024311
30464177799497594062067090586132216960269756475910 30464177799497594062067090586132216960269756475911
39903820264993371454915095917145345105373180015030 39903820264993371454915095917145345105373180015031
43864511938613076867866912609992070824902550152310 43864511938613076867866912609992070824902550152311
49725830233203042890874631683807500781885351242710 49725830233203042890874631683807500781885351242711
59318723913252476010709837815326491289829332348710 59318723913252476010709837815326491289829332348711
70830942409621296251387107949235702198995625927910 70830942409621296251387107949235702198995625927911
95348510244590178060497766404779712480033813864710 95348510244590178060497766404779712480033813864711
95448835756120719006132858353546324362199903089510 95448835756120719006132858353546324362199903089511
109309732169557769006682357544247568972978901014310 109309732169557769006682357544247568972978901014311
123568787014313195012743856241236956673072524177510 123568787014313195012743856241236956673072524177511
171629172326978892395402781451369042134905516574310 171629172326978892395402781451369042134905516574311
184630284895928049865921536437663881825593542293030 184630284895928049865921536437663881825593542293031
257420821329197828715108453296526280627895894957110 257420821329197828715108453296526280627895894957111
275668366687335635955913352548961639569721753267110 275668366687335635955913352548961639569721753267111
275923522406450401159365800903221773373327719931030 275923522406450401159365800903221773373327719931031
344142774835974754278565103875724477278840507381030 344142774835974754278565103875724477278840507381031
403208360041605420024671097505284364184207338483510 403208360041605420024671097505284364184207338483511
407832299650975200515201142454237959892061825443030 407832299650975200515201142454237959892061825443031
521103208393068076585364173322079806588891712943030 521103208393068076585364173322079806588891712943031
663082079457746994495429393142476133697457895883110 663082079457746994495429393142476133697457895883111
716333975316199696437020389984326762118232789444710 716333975316199696437020389984326762118232789444711
1396403952147726411596867487144643675943814151471030 1396403952147726411596867487144643675943814151471031
1705878337663368043717192393358459338175555702161030 1705878337663368043717192393358459338175555702161031
1800494104240734973564648950917210152440868919545030 1800494104240734973564648950917210152440868919545031
1917724022789039992198029968257763876483511664993030 1917724022789039992198029968257763876483511664993031
3399359835274740682451978051481971692656939466705030 3399359835274740682451978051481971692656939466705031
4150015509757347696362329328570030159696721915511030 4150015509757347696362329328570030159696721915511031
4338229357514849510990246041487273793730829325299110 4338229357514849510990246041487273793730829325299111
5613797342421280712675338572908594653248910198015030 5613797342421280712675338572908594653248910198015031
5698688468194229623876756197231132564138429135655030 5698688468194229623876756197231132564138429135655031
5826982510069366671404374318915134242843784380127910 5826982510069366671404374318915134242843784380127911
7316221073336826664510216867135218207888106850929510 7316221073336826664510216867135218207888106850929511
10699406818766672930758367956314146938859721580075030 10699406818766672930758367956314146938859721580075031
12596411347783351392870679424921147476301645907294310 12596411347783351392870679424921147476301645907294311
13256297591714121839438166469928588436373476234152710 13256297591714121839438166469928588436373476234152711
13678011922884899936579648165135420110703440416721030 13678011922884899936579648165135420110703440416721031
15491679113560848149891505863253902585832604204913110 15491679113560848149891505863253902585832604204913111
17722436536864424252758871632031919303909953588999110 17722436536864424252758871632031919303909953588999111
19457763049099894919801488148006724017332343052115030 19457763049099894919801488148006724017332343052115031
19714817417014350902666728780004181377542771642315030 19714817417014350902666728780004181377542771642315031
28928507513850711079275872165762104888358923384544710 28928507513850711079275872165762104888358923384544711
35256167645616121079047026546867854901120902782837510 35256167645616121079047026546867854901120902782837511
36610682670804774534799826117732218932041371301567110 36610682670804774534799826117732218932041371301567111
38038429699997612862560916472320763030690509485538310 38038429699997612862560916472320763030690509485538311
40630002705497921031951428488047646867897750646935510 40630002705497921031951428488047646867897750646935511
46057578946206150011635155591808254724292526200882710 46057578946206150011635155591808254724292526200882711
52221565231394888150442266352725572688908415686887910 52221565231394888150442266352725572688908415686887911
61345421888851633054334772109995977894087312568501910 61345421888851633054334772109995977894087312568501911
77963841488114969886207180548261782639617679115579110 77963841488114969886207180548261782639617679115579111
78613903592549321505874189283138307957188739313076710 78613903592549321505874189283138307957188739313076711
122719181620154190534184334901394950742261379872190710 122719181620154190534184334901394950742261379872190711
125171630458652037888201901468251200547716991200199910 125171630458652037888201901468251200547716991200199911
127035866381260407086879983032935329343205439907191030 127035866381260407086879983032935329343205439907191031
145202375577562600159073743766477364325476923833286710 145202375577562600159073743766477364325476923833286711
156859729948356225350905586811599044684540085151163510 156859729948356225350905586811599044684540085151163511
170278779698334146836385076517799643940491257197699510 170278779698334146836385076517799643940491257197699511
176324571038805227815442863944529563912985710058165030 176324571038805227815442863944529563912985710058165031
182037237557456775840864604226699587961627999809944310 182037237557456775840864604226699587961627999809944311
236207622700778419961081578783295309836380561837273910 236207622700778419961081578783295309836380561837273911
248083390665702317599806010958525448501826414603741030 248083390665702317599806010958525448501826414603741031
251084445390443828505560412352194471998650775008872310 251084445390443828505560412352194471998650775008872311
302057000908811915208201029150595230949030889381679110 302057000908811915208201029150595230949030889381679111
318406899106663172225142096989224330436597511764293030 318406899106663172225142096989224330436597511764293031
336720709301698275129040055837944499494858311999186310 336720709301698275129040055837944499494858311999186311
395881239891892766306515548786972054484878767163301030 395881239891892766306515548786972054484878767163301031
424569087810865660511063630462257019623007392346252710 424569087810865660511063630462257019623007392346252711
430359452729112736235710940963662277449123868307943030 430359452729112736235710940963662277449123868307943031
432072879625562837293566244551842349368680103912755030 432072879625562837293566244551842349368680103912755031
437396562701673874075275841928619729220509146890647910 437396562701673874075275841928619729220509146890647911
439526877890066848096180984300595072934335975556384310 439526877890066848096180984300595072934335975556384311
448224255163280141134761260741716750860020596380101110 448224255163280141134761260741716750860020596380101111
477487237097598567583380662921427605554331350118769910 477487237097598567583380662921427605554331350118769911
500866905127107834729905657337849014403378777583653910 500866905127107834729905657337849014403378777583653911
586263551663337550015693404070926213335710807651595110 586263551663337550015693404070926213335710807651595111
626045323373739781509960993152317020111209079973013110 626045323373739781509960993152317020111209079973013111
907868861461354077495807763826372258968531189071955030 907868861461354077495807763826372258968531189071955031
1212727210749680870420166629436501631950049893741333910 1212727210749680870420166629436501631950049893741333911
1290529040436603814345654458456403587597164530266761110 1290529040436603814345654458456403587597164530266761111
1302080001012991304843799579314939523708367046840341030 1302080001012991304843799579314939523708367046840341031
1333197187569067267065170870451951035800002605259661030 1333197187569067267065170870451951035800002605259661031
1451328180766786428478620772904777188715870681558539510 1451328180766786428478620772904777188715870681558539511
1618674296240312361500737361401638917848020998895793030 1618674296240312361500737361401638917848020998895793031
1713606749542986006559441507746075254051170384997892310 1713606749542986006559441507746075254051170384997892311
1731725374143831541567875024953152053800965045298017510 1731725374143831541567875024953152053800965045298017511
1856275767209255130781758538189245061131982098829221910 1856275767209255130781758538189245061131982098829221911
1868915113410308414699396222295702329295355966121093110 1868915113410308414699396222295702329295355966121093111
2062138576467261200770209415656785458014018124436713510 2062138576467261200770209415656785458014018124436713511
2146668108671764509350810009651032710964108201328292310 2146668108671764509350810009651032710964108201328292311
2265381378230167618847789084938725754687741738191793030 2265381378230167618847789084938725754687741738191793031
2286277918465251586603820425550739881155575765139469110 2286277918465251586603820425550739881155575765139469111
2318459100920119060420811274792392323728494575958743030 2318459100920119060420811274792392323728494575958743031
2355603845306769808147591126798915181757835778176832710 2355603845306769808147591126798915181757835778176832711
2573400150454393912216235111978761339934824319780007910 2573400150454393912216235111978761339934824319780007911
2611233156187871302869442823118715163138878238170585030 2611233156187871302869442823118715163138878238170585031
2812549694034758207912192790473290064353442590132665910 2812549694034758207912192790473290064353442590132665911
2984134523897987215980086795001221587064854907725915030 2984134523897987215980086795001221587064854907725915031
3003108037064847990092563009086200556106566826841815030 3003108037064847990092563009086200556106566826841815031
3049191025166101842067117960114507386688917421816922710 3049191025166101842067117960114507386688917421816922711
3669264482036320445069340915916214662845680505097248310 3669264482036320445069340915916214662845680505097248311
4268082785464662860250212075596707151592547189248233510 4268082785464662860250212075596707151592547189248233511
4578888941282277032715687214572019984876134563629993030 4578888941282277032715687214572019984876134563629993031
4654751905524937160798041947685049200635463951938205030 4654751905524937160798041947685049200635463951938205031
4963880222725292083249561777666820485357439693892493030 4963880222725292083249561777666820485357439693892493031
5276805212826599959549530355539840884775331848831001030 5276805212826599959549530355539840884775331848831001031
5982017113944508889770329435517466077183570594919659510 5982017113944508889770329435517466077183570594919659511
6377251812608653635027312852612333573263234283725508310 6377251812608653635027312852612333573263234283725508311
6395320062413558985319193043168961703018475180681636310 6395320062413558985319193043168961703018475180681636311
6700841501156971779013429829480865535403091782726991910 6700841501156971779013429829480865535403091782726991911
7191467905991775296328244995018084346450367416897278310 7191467905991775296328244995018084346450367416897278311
7343054268829614532631989532392468007342520382362423910 7343054268829614532631989532392468007342520382362423911
7609023068680030098475367125965811112303175151151431030 7609023068680030098475367125965811112303175151151431031
7794323925688845283816255833427402885583821710508607110 7794323925688845283816255833427402885583821710508607111
7795002685052582334368272245853274142331410421852899910 7795002685052582334368272245853274142331410421852899911
7802583085117138219602423075165224232709349784422461030 7802583085117138219602423075165224232709349784422461031
8203448564676416223016015892842748080392236289966479110 8203448564676416223016015892842748080392236289966479111
8315102015214954416787183355089163942831042732446427510 8315102015214954416787183355089163942831042732446427511
8494858522951519552161007518436935142126734810816623110 8494858522951519552161007518436935142126734810816623111
