[?1034h5 6
24 25
49 50
77 78
104 105
153 154
369 370
492 493
714 715
1682 1683
2107 2108
2299 2300
2600 2601
2783 2784
5405 5406
6556 6557
6811 6812
8855 8856
9800 9801
12726 12727
13775 13776
18655 18656
21183 21184
24024 24025
24432 24433
24880 24881
25839 25840
26642 26643
35456 35457
40081 40082
43680 43681
48203 48204
48762 48763
52554 52555
61760 61761
63665 63666
64232 64233
75140 75141
79118 79119
95709 95710
106893 106894
109939 109940
112079 112080
118656 118657
132209 132210
141340 141341
143622 143623
148215 148216
154842 154843
155111 155112
173162 173163
180359 180360
189080 189081
197657 197658
204258 204259
208581 208582
215391 215392
224104 224105
228599 228600
231284 231285
235586 235587
244595 244596
244853 244854
248109 248110
263628 263629
268656 268657
268715 268716
278277 278278
289316 289317
294335 294336
296751 296752
319428 319429
332994 332995
333801 333802
350599 350600
370348 370349
373703 373704
380963 380964
384312 384313
388450 388451
404973 404974
407835 407836
416119 416120
417162 417163
421819 421820
430604 430605
445305 445306
461824 461825
466773 466774
467302 467303
501830 501831
529194 529195
537916 537917
547525 547526
554682 554683
557535 557536
560150 560151
563390 563391
564924 564925
565823 565824
571039 571040
576984 576985
583462 583463
608316 608317
624079 624080
665322 665323
685228 685229
693610 693611
694430 694431
696436 696437
732199 732200
740726 740727
742853 742854
773604 773605
820600 820601
821271 821272
823150 823151
827895 827896
839375 839376
844864 844865
849375 849376
850746 850747
851709 851710
856607 856608
869054 869055
890723 890724
901747 901748
906019 906020
909624 909625
911075 911076
911537 911538
932034 932035
944108 944109
959581 959582
962140 962141
977778 977779
977895 977896
996557 996558
999072 999073
1003513 1003514
1006549 1006550
1019425 1019426
1040402 1040403
1053598 1053599
1054828 1054829
1062874 1062875
1085875 1085876
1104263 1104264
1131811 1131812
1172947 1172948
1173148 1173149
1193983 1193984
1205547 1205548
1232746 1232747
1240965 1240966
1246932 1246933
1252096 1252097
1252509 1252510
1263679 1263680
1275546 1275547
1275730 1275731
1293139 1293140
1306247 1306248
1315976 1315977
1330406 1330407
1330895 1330896
1333025 1333026
1351272 1351273
1376109 1376110
1386902 1386903
1428857 1428858
1459863 1459864
1474375 1474376
1477311 1477312
1492031 1492032
1512411 1512412
1549454 1549455
1562092 1562093
1572176 1572177
1575261 1575262
1600962 1600963
1607045 1607046
1615359 1615360
1647099 1647100
1670487 1670488
1671333 1671334
1672710 1672711
1744919 1744920
1754463 1754464
1762124 1762125
1773134 1773135
1777026 1777027
1801161 1801162
1806367 1806368
1806949 1806950
1807905 1807906
1818227 1818228
1858644 1858645
1887185 1887186
1903983 1903984
1921424 1921425
1943403 1943404
1958319 1958320
1962796 1962797
1967765 1967766
1988558 1988559
2003631 2003632
2020800 2020801
2024867 2024868
2029948 2029949
2040752 2040753
2048934 2048935
2049318 2049319
2055086 2055087
2065122 2065123
2094807 2094808
2105236 2105237
2114435 2114436
2120988 2120989
2123666 2123667
2128984 2128985
2138928 2138929
2152454 2152455
2236335 2236336
2238372 2238373
2256845 2256846
2260588 2260589
2339046 2339047
2387375 2387376
2407320 2407321
2442185 2442186
2460436 2460437
2527019 2527020
2538533 2538534
2579308 2579309
2586234 2586235
2639703 2639704
2649041 2649042
2660634 2660635
2675295 2675296
2744287 2744288
2776184 2776185
2781571 2781572
2802297 2802298
2829086 2829087
2834766 2834767
2849042 2849043
2872492 2872493
2947704 2947705
2975951 2975952
2991417 2991418
3003468 3003469
3013914 3013915
3016694 3016695
3026019 3026020
3062078 3062079
3069206 3069207
3117584 3117585
3155779 3155780
3206342 3206343
3223788 3223789
3240384 3240385
3268125 3268126
3291129 3291130
3352621 3352622
3369764 3369765
3394015 3394016
3414888 3414889
3423436 3423437
3429080 3429081
3457496 3457497
3465087 3465088
3567245 3567246
3568956 3568957
3570731 3570732
3573466 3573467
3582549 3582550
3584052 3584053
3584195 3584196
3594245 3594246
3629031 3629032
3691449 3691450
3771429 3771430
3772332 3772333
3816036 3816037
3844278 3844279
3865730 3865731
3897529 3897530
3944505 3944506
3973463 3973464
3975059 3975060
3978260 3978261
3988880 3988881
4010181 4010182
4010552 4010553
4055618 4055619
4057122 4057123
4082816 4082817
4086226 4086227
4141523 4141524
4142839 4142840
4150805 4150806
4160529 4160530
4187292 4187293
4339368 4339369
4379616 4379617
4382688 4382689
4389539 4389540
4462338 4462339
4494749 4494750
4580191 4580192
4596863 4596864
4614730 4614731
4690496 4690497
4723779 4723780
4763626 4763627
4789551 4789552
4806399 4806400
4854877 4854878
4868780 4868781
4913980 4913981
4934097 4934098
4954052 4954053
4958988 4958989
4999615 4999616
5000205 5000206
5003775 5003776
5025663 5025664
5106639 5106640
5142954 5142955
5195088 5195089
5206613 5206614
5213349 5213350
5224175 5224176
5242031 5242032
5243775 5243776
5313435 5313436
5362346 5362347
5378571 5378572
5378757 5378758
5397375 5397376
5432719 5432720
5469918 5469919
5517315 5517316
5538974 5538975
5544714 5544715
5612160 5612161
5615050 5615051
5733846 5733847
5796504 5796505
5800392 5800393
5854085 5854086
5894649 5894650
5898298 5898299
5933984 5933985
5957798 5957799
5963549 5963550
6007580 6007581
6024268 6024269
6029172 6029173
6051461 6051462
6059082 6059083
6143469 6143470
6157664 6157665
6160779 6160780
6200896 6200897
6226398 6226399
6226910 6226911
6242130 6242131
6287866 6287867
6292362 6292363
6296777 6296778
6307910 6307911
6313724 6313725
6384993 6384994
6399990 6399991
6440240 6440241
6486298 6486299
6491059 6491060
6521030 6521031
6529003 6529004
6529685 6529686
6531668 6531669
6540897 6540898
6549845 6549846
6556679 6556680
6597155 6597156
6599760 6599761
6607509 6607510
6668947 6668948
6689332 6689333
6693478 6693479
6697024 6697025
6705796 6705797
6764747 6764748
6803927 6803928
6860274 6860275
6884405 6884406
6890178 6890179
6905999 6906000
6928893 6928894
6949964 6949965
6954824 6954825
6963437 6963438
6981340 6981341
6999642 6999643
7024351 7024352
7036871 7036872
7084296 7084297
7096526 7096527
7129199 7129200
7185384 7185385
7267028 7267029
7271120 7271121
7277619 7277620
7293254 7293255
7295625 7295626
7304432 7304433
7322143 7322144
7331650 7331651
7370371 7370372
7396532 7396533
7403007 7403008
7429215 7429216
7446996 7446997
7478458 7478459
7483199 7483200
7636545 7636546
7690288 7690289
7695874 7695875
7718336 7718337
7837296 7837297
7874050 7874051
7886956 7886957
7903791 7903792
7967861 7967862
7994559 7994560
7998319 7998320
8062119 8062120
8062815 8062816
8115470 8115471
8130765 8130766
8166928 8166929
8167752 8167753
8190575 8190576
8198570 8198571
8260487 8260488
8263214 8263215
8305923 8305924
8407618 8407619
8443253 8443254
8461664 8461665
8476439 8476440
8481984 8481985
8496513 8496514
8505407 8505408
8533850 8533851
8534294 8534295
8534834 8534835
8595929 8595930
8596070 8596071
8608668 8608669
8614592 8614593
8630496 8630497
8700199 8700200
8735187 8735188
8771059 8771060
8800732 8800733
8818146 8818147
8967013 8967014
8976851 8976852
9018426 9018427
9086045 9086046
9171650 9171651
9200860 9200861
9203334 9203335
9226378 9226379
9329190 9329191
9366030 9366031
9422699 9422700
9424794 9424795
9426549 9426550
9434854 9434855
9486722 9486723
9579791 9579792
9596069 9596070
9734405 9734406
9774620 9774621
9780237 9780238
9790429 9790430
9819068 9819069
9820608 9820609
9867275 9867276
9940610 9940611
10020599 10020600
10050850 10050851
10133250 10133251
10222269 10222270
10229101 10229102
10261719 10261720
10269215 10269216
10389686 10389687
10510335 10510336
10527569 10527570
10635820 10635821
10727936 10727937
10812824 10812825
10876547 10876548
10884378 10884379
10906004 10906005
10968063 10968064
10988458 10988459
11143503 11143504
11174405 11174406
11219180 11219181
11249575 11249576
11261039 11261040
11278448 11278449
11305430 11305431
11322922 11322923
11341213 11341214
11371367 11371368
11386528 11386529
11391138 11391139
11480287 11480288
11569250 11569251
11587930 11587931
11595324 11595325
11597908 11597909
11600580 11600581
11612929 11612930
11625838 11625839
11676162 11676163
11690730 11690731
11731362 11731363
11780648 11780649
11796508 11796509
11814940 11814941
11885056 11885057
11914363 11914364
11956549 11956550
11995289 11995290
12017856 12017857
12103036 12103037
12108538 12108539
12117170 12117171
12121550 12121551
12137690 12137691
12158806 12158807
12189628 12189629
12202078 12202079
12245279 12245280
12282920 12282921
12288569 12288570
12369044 12369045
12446175 12446176
12473846 12473847
12563424 12563425
12599488 12599489
12678966 12678967
12697035 12697036
12717760 12717761
12725779 12725780
12735884 12735885
12737790 12737791
12745495 12745496
12757492 12757493
12854984 12854985
12869772 12869773
12905717 12905718
12910821 12910822
12920195 12920196
12987805 12987806
13059197 13059198
13092906 13092907
13107009 13107010
13160027 13160028
13215749 13215750
13227410 13227411
13247550 13247551
13340375 13340376
13377890 13377891
13447265 13447266
13536098 13536099
13556018 13556019
13607156 13607157
13619444 13619445
13639665 13639666
13657469 13657470
13669903 13669904
13790984 13790985
13819895 13819896
13847706 13847707
13867664 13867665
13896531 13896532
13902834 13902835
13979736 13979737
14025605 14025606
14040282 14040283
14138361 14138362
14159374 14159375
14185160 14185161
14289394 14289395
14406901 14406902
14408990 14408991
14416608 14416609
14451658 14451659
14535674 14535675
14595875 14595876
14618600 14618601
14646834 14646835
14650899 14650900
14707595 14707596
14742739 14742740
14746236 14746237
14752341 14752342
14776957 14776958
14783448 14783449
14790232 14790233
14852091 14852092
14904455 14904456
15010148 15010149
15021930 15021931
15056644 15056645
15066077 15066078
15174325 15174326
15196760 15196761
15239570 15239571
15319751 15319752
15374572 15374573
15411532 15411533
15524247 15524248
15546096 15546097
15587127 15587128
15640077 15640078
15708861 15708862
15775616 15775617
15777118 15777119
15805376 15805377
15821694 15821695
15824930 15824931
15898815 15898816
15929088 15929089
15957671 15957672
16051230 16051231
16052427 16052428
16130433 16130434
16171934 16171935
16206272 16206273
16216607 16216608
16231591 16231592
16246771 16246772
16247829 16247830
16335436 16335437
16400053 16400054
16555515 16555516
16562298 16562299
16578314 16578315
16602112 16602113
16636480 16636481
16637507 16637508
16637951 16637952
16678518 16678519
16725127 16725128
16749760 16749761
16810912 16810913
16816334 16816335
16832963 16832964
16839394 16839395
16901982 16901983
16993632 16993633
17195584 17195585
17325440 17325441
17345090 17345091
17348313 17348314
17366394 17366395
17383689 17383690
17457450 17457451
17717503 17717504
17727836 17727837
17803874 17803875
17905731 17905732
17968356 17968357
17999683 17999684
18162555 18162556
18169863 18169864
18316509 18316510
18345495 18345496
18392176 18392177
18396584 18396585
18403570 18403571
18424039 18424040
18425885 18425886
18446967 18446968
18507033 18507034
18530680 18530681
18563548 18563549
18564186 18564187
18844105 18844106
18868995 18868996
18918704 18918705
18958248 18958249
19062268 19062269
19066051 19066052
19117317 19117318
19148265 19148266
19184039 19184040
19249516 19249517
19312223 19312224
19333144 19333145
19357954 19357955
19469351 19469352
19527288 19527289
19661886 19661887
19662949 19662950
19689192 19689193
19699408 19699409
19784810 19784811
19911085 19911086
19936244 19936245
20035300 20035301
20148124 20148125
20164374 20164375
20218915 20218916
20238957 20238958
20341304 20341305
20376549 20376550
20399778 20399779
20562826 20562827
20580917 20580918
20679546 20679547
20684102 20684103
20761775 20761776
20823555 20823556
20846144 20846145
20880080 20880081
20892035 20892036
20979575 20979576
21033912 21033913
21234645 21234646
21256977 21256978
21268422 21268423
21271660 21271661
21297653 21297654
21464726 21464727
21525375 21525376
21555899 21555900
21561244 21561245
21586317 21586318
21707626 21707627
21741775 21741776
21872304 21872305
21952943 21952944
22160384 22160385
22206065 22206066
22268290 22268291
22295169 22295170
22303179 22303180
22331648 22331649
22380508 22380509
22399173 22399174
22564722 22564723
22635359 22635360
22684005 22684006
22695534 22695535
22706982 22706983
22757208 22757209
22918090 22918091
22921684 22921685
23010528 23010529
23060168 23060169
23127034 23127035
23183525 23183526
23191266 23191267
23202283 23202284
23206716 23206717
23260207 23260208
23277322 23277323
23327233 23327234
23383603 23383604
23413190 23413191
23607569 23607570
23616696 23616697
23706846 23706847
23798298 23798299
23839728 23839729
23852432 23852433
23926086 23926087
23926590 23926591
23946846 23946847
23995712 23995713
24029649 24029650
24051404 24051405
24103760 24103761
24129347 24129348
24204690 24204691
24227784 24227785
24261306 24261307
24291104 24291105
24338019 24338020
24350951 24350952
24357754 24357755
24418215 24418216
24467575 24467576
24502379 24502380
24508596 24508597
24508935 24508936
24523533 24523534
24544271 24544272
24601048 24601049
24776175 24776176
24790272 24790273
24790771 24790772
24816669 24816670
24891450 24891451
24909932 24909933
24949760 24949761
25000833 25000834
25083688 25083689
25134099 25134100
25200442 25200443
25416495 25416496
25512477 25512478
25574092 25574093
25577357 25577358
25634965 25634966
25645455 25645456
25660060 25660061
25769875 25769876
25781626 25781627
25788925 25788926
25801545 25801546
25816675 25816676
25904991 25904992
25972197 25972198
26026554 26026555
26099778 26099779
26101069 26101070
26146748 26146749
26148597 26148598
26197708 26197709
26211148 26211149
26221458 26221459
26303562 26303563
26433642 26433643
26498549 26498550
26517636 26517637
26555870 26555871
26659230 26659231
26677434 26677435
26707004 26707005
26781664 26781665
26867587 26867588
27246717 27246718
27278804 27278805
27318314 27318315
27616840 27616841
27711069 27711070
27749372 27749373
27775788 27775789
27908045 27908046
28303728 28303729
28314460 28314461
28408736 28408737
28536003 28536004
28553404 28553405
28602300 28602301
28611552 28611553
28667841 28667842
28726838 28726839
28775828 28775829
28840448 28840449
28917987 28917988
28952308 28952309
29008960 29008961
29017871 29017872
29056456 29056457
29117063 29117064
29171844 29171845
29354715 29354716
29458300 29458301
29494688 29494689
29558841 29558842
29624235 29624236
29638524 29638525
29720601 29720602
29775810 29775811
29817472 29817473
29834541 29834542
29892455 29892456
29899022 29899023
30083424 30083425
30103708 30103709
30161194 30161195
30482885 30482886
30527552 30527553
30564729 30564730
30590853 30590854
30647740 30647741
30755775 30755776
30772588 30772589
30863075 30863076
30917514 30917515
30936271 30936272
31173579 31173580
31175024 31175025
31269704 31269705
31377983 31377984
31407429 31407430
31497811 31497812
31506778 31506779
31598139 31598140
31637985 31637986
31646418 31646419
31693775 31693776
31761734 31761735
31810625 31810626
31823183 31823184
31832823 31832824
31875741 31875742
31890467 31890468
31919168 31919169
31950956 31950957
31960813 31960814
32070140 32070141
32152925 32152926
32244403 32244404
32280775 32280776
32322323 32322324
32393821 32393822
32530925 32530926
32642624 32642625
32756399 32756400
32840719 32840720
32892620 32892621
32920712 32920713
32933375 32933376
32989940 32989941
32996094 32996095
33005024 33005025
33175016 33175017
33222945 33222946
33369227 33369228
33386710 33386711
33465093 33465094
33488922 33488923
33506379 33506380
33574687 33574688
33668334 33668335
33709802 33709803
33752192 33752193
33856608 33856609
33861630 33861631
33911498 33911499
33970079 33970080
34015527 34015528
34022845 34022846
34030143 34030144
34091725 34091726
34195279 34195280
34237335 34237336
34263180 34263181
34436860 34436861
34438564 34438565
34466939 34466940
34485628 34485629
34749026 34749027
34810349 34810350
34834382 34834383
34931410 34931411
34971772 34971773
34997312 34997313
35002593 35002594
35224850 35224851
35309670 35309671
35329242 35329243
35383647 35383648
35455672 35455673
35543871 35543872
35547441 35547442
35572272 35572273
35624415 35624416
35627091 35627092
35810857 35810858
35897930 35897931
35903989 35903990
35931675 35931676
35953997 35953998
36056832 36056833
36208002 36208003
36358595 36358596
36510452 36510453
36514454 36514455
36562778 36562779
36593424 36593425
36613813 36613814
36647895 36647896
36691024 36691025
36745511 36745512
36812894 36812895
36860714 36860715
36969192 36969193
37197823 37197824
37494809 37494810
37586645 37586646
37736361 37736362
37925616 37925617
38023313 38023314
38077957 38077958
38339639 38339640
38449549 38449550
38486556 38486557
38590159 38590160
38608975 38608976
38692849 38692850
38843351 38843352
38844220 38844221
38926656 38926657
39026748 39026749
39031794 39031795
39046386 39046387
39077772 39077773
39192896 39192897
39204190 39204191
39321882 39321883
39354886 39354887
39395853 39395854
39504634 39504635
39551765 39551766
39623714 39623715
39680172 39680173
39706170 39706171
39756795 39756796
39759321 39759322
39791933 39791934
39806634 39806635
39810648 39810649
39832533 39832534
39835002 39835003
39886338 39886339
39897359 39897360
39925573 39925574
39957922 39957923
39973356 39973357
40219010 40219011
40238099 40238100
40238994 40238995
40252215 40252216
40255424 40255425
40344888 40344889
40386240 40386241
40486868 40486869
40556440 40556441
40645276 40645277
40646770 40646771
40726652 40726653
40753028 40753029
40790551 40790552
40823975 40823976
40870458 40870459
40879487 40879488
41057859 41057860
41060515 41060516
41201585 41201586
41384597 41384598
41536451 41536452
41570165 41570166
41585338 41585339
41593040 41593041
41620650 41620651
41945715 41945716
42014175 42014176
42031498 42031499
42147756 42147757
42221154 42221155
42277070 42277071
42422908 42422909
42443232 42443233
42466300 42466301
42497344 42497345
42500656 42500657
42566316 42566317
42710652 42710653
42738552 42738553
42947525 42947526
43009524 43009525
43129773 43129774
43305328 43305329
43331769 43331770
43395839 43395840
43617624 43617625
43618349 43618350
43670771 43670772
43775863 43775864
43783851 43783852
43794028 43794029
43882488 43882489
44018303 44018304
44036179 44036180
44051279 44051280
44122764 44122765
44265662 44265663
44278811 44278812
44445636 44445637
44457373 44457374
